Jackson Goldberg
2316634
jagoldberg@chapman.edu
CPSC 350-01
Assignment 1

Sum: 488
Mean: 97.6
Variance: 0
Standard Deviation: 0
Probability:
	Nucleotides:
		A: 0.260246
		C: 0.280738
		T: 0.233607
		G: 0.217213
	Bigrams:
		AA: 0.0204918
		AC: 0.147541
		AT: 0.139344
		AG: 0.209016
		CA: 0.254098
		CC: 0.0286885
		CT: 0.0983607
		CG: 0.172131
		TA: 0.172131
		TC: 0.245902
		TT: 0.00819672
		TG: 0.0368852
		GA: 0.0655738
		GC: 0.131148
		GT: 0.217213
		GG: 0.0163934
